{"0":{"unique_id":"2a954afa-2941-499d-bdb8-ca91e190c4d8","ros_timestamp":"1685369534.752253290","T_map_cam":"[[-0.82598933,-0.55163789,-0.11591921,0.82269191],[-0.05167085,0.27887618,-0.95893597,0.42951161],[0.56131252,-0.78608124,-0.25885235,0.18162034],[0.00000000,0.00000000,0.00000000,1.00000000]]","center_3d":"[2.84502341,-0.31889539,0.78052848]","nearest_3d":"[0.79002547,1.18476105,0.54305553]","type":"wall-left"},"1":{"unique_id":"c0ca7f74-629a-465c-9e77-caced94f7745","ros_timestamp":"1685369534.752253290","T_map_cam":"[[-0.82598933,-0.55163789,-0.11591921,0.82269191],[-0.05167085,0.27887618,-0.95893597,0.42951161],[0.56131252,-0.78608124,-0.25885235,0.18162034],[0.00000000,0.00000000,0.00000000,1.00000000]]","center_3d":"[3.01552499,-1.99214018,-0.47530383]","nearest_3d":"[0.55870074,-1.27111220,0.54252607]","type":"wall-back"},"2":{"unique_id":"139e3b59-3595-46a5-a63c-423bd299f5c6","ros_timestamp":"1685369534.752253290","T_map_cam":"[[-0.82598933,-0.55163789,-0.11591921,0.82269191],[-0.05167085,0.27887618,-0.95893597,0.42951161],[0.56131252,-0.78608124,-0.25885235,0.18162034],[0.00000000,0.00000000,0.00000000,1.00000000]]","center_3d":"[3.10828359,0.00111819,-0.14695997]","nearest_3d":"[1.38750756,1.02107143,0.41743141]","type":"obstacle"}}