{"0":{"unique_id":"2a954afa-2941-499d-bdb8-ca91e190c4d8","ros_timestamp":"1685369535.600895881","T_map_cam":"[[-0.73341073,-0.65619471,-0.17753084,0.83543308],[-0.02267857,0.28463012,-0.95836912,0.51146305],[0.67940738,-0.69885205,-0.22363234,-0.19991260],[0.00000000,0.00000000,0.00000000,1.00000000]]","center_3d":"[2.84502341,-0.31889539,0.78052848]","nearest_3d":"[0.90183455,1.16717446,0.65958720]","type":"wall-left"},"1":{"unique_id":"c0ca7f74-629a-465c-9e77-caced94f7745","ros_timestamp":"1685369535.600895881","T_map_cam":"[[-0.73341073,-0.65619471,-0.17753084,0.83543308],[-0.02267857,0.28463012,-0.95836912,0.51146305],[0.67940738,-0.69885205,-0.22363234,-0.19991260],[0.00000000,0.00000000,0.00000000,1.00000000]]","center_3d":"[3.01552499,-1.99214018,-0.47530383]","nearest_3d":"[0.55870074,-1.27111220,0.54252607]","type":"wall-back"},"2":{"unique_id":"139e3b59-3595-46a5-a63c-423bd299f5c6","ros_timestamp":"1685369535.600895881","T_map_cam":"[[-0.73341073,-0.65619471,-0.17753084,0.83543308],[-0.02267857,0.28463012,-0.95836912,0.51146305],[0.67940738,-0.69885205,-0.22363234,-0.19991260],[0.00000000,0.00000000,0.00000000,1.00000000]]","center_3d":"[3.05870691,-0.04205113,-0.12582837]","nearest_3d":"[1.15131903,1.06879807,0.29579636]","type":"obstacle"}}