{"0":{"unique_id":"2a954afa-2941-499d-bdb8-ca91e190c4d8","ros_timestamp":"1685369536.660588842","T_map_cam":"[[-0.45860798,-0.87275871,-0.16724523,0.39994019],[-0.10364120,0.23945072,-0.96536100,0.61158151],[0.88257420,-0.42538876,-0.20026777,-0.83402715],[0.00000000,0.00000000,0.00000000,1.00000000]]","center_3d":"[2.84502341,-0.31889539,0.78052848]","nearest_3d":"[0.93989003,1.18819201,0.67637938]","type":"wall-left"},"1":{"unique_id":"af1e7b93-501d-4ea2-86cd-7780b65c8aaf","ros_timestamp":"1685369536.660588842","T_map_cam":"[[-0.45860798,-0.87275871,-0.16724523,0.39994019],[-0.10364120,0.23945072,-0.96536100,0.61158151],[0.88257420,-0.42538876,-0.20026777,-0.83402715],[0.00000000,0.00000000,0.00000000,1.00000000]]","center_3d":"[3.67234122,-0.91302778,1.61887572]","nearest_3d":"[1.67991459,-1.68249607,0.30877662]","type":"wall-front"},"2":{"unique_id":"c0ca7f74-629a-465c-9e77-caced94f7745","ros_timestamp":"1685369536.660588842","T_map_cam":"[[-0.45860798,-0.87275871,-0.16724523,0.39994019],[-0.10364120,0.23945072,-0.96536100,0.61158151],[0.88257420,-0.42538876,-0.20026777,-0.83402715],[0.00000000,0.00000000,0.00000000,1.00000000]]","center_3d":"[3.01552499,-1.99214018,-0.47530383]","nearest_3d":"[0.51512307,-1.23281896,0.79159623]","type":"wall-back"},"3":{"unique_id":"139e3b59-3595-46a5-a63c-423bd299f5c6","ros_timestamp":"1685369536.660588842","T_map_cam":"[[-0.45860798,-0.87275871,-0.16724523,0.39994019],[-0.10364120,0.23945072,-0.96536100,0.61158151],[0.88257420,-0.42538876,-0.20026777,-0.83402715],[0.00000000,0.00000000,0.00000000,1.00000000]]","center_3d":"[3.11777312,0.17658141,0.04495173]","nearest_3d":"[0.55028772,-0.41309771,-0.18192628]","type":"obstacle"}}