{"0":{"unique_id":"2a954afa-2941-499d-bdb8-ca91e190c4d8","ros_timestamp":"1685369537.344303102","T_map_cam":"[[-0.19353414,-0.95262611,-0.23462317,0.00771958],[-0.19631535,0.27191026,-0.94208550,0.69849513],[0.96125169,-0.13626558,-0.23963904,-0.96079246],[0.00000000,0.00000000,0.00000000,1.00000000]]","center_3d":"[2.84502341,-0.31889539,0.78052848]","nearest_3d":"[1.68648911,-0.32253075,-0.34625906]","type":"wall-left"},"1":{"unique_id":"af1e7b93-501d-4ea2-86cd-7780b65c8aaf","ros_timestamp":"1685369537.344303102","T_map_cam":"[[-0.19353414,-0.95262611,-0.23462317,0.00771958],[-0.19631535,0.27191026,-0.94208550,0.69849513],[0.96125169,-0.13626558,-0.23963904,-0.96079246],[0.00000000,0.00000000,0.00000000,1.00000000]]","center_3d":"[3.67234122,-0.91302778,1.61887572]","nearest_3d":"[1.67991459,-1.68249607,0.30877662]","type":"wall-front"},"2":{"unique_id":"c0ca7f74-629a-465c-9e77-caced94f7745","ros_timestamp":"1685369537.344303102","T_map_cam":"[[-0.19353414,-0.95262611,-0.23462317,0.00771958],[-0.19631535,0.27191026,-0.94208550,0.69849513],[0.96125169,-0.13626558,-0.23963904,-0.96079246],[0.00000000,0.00000000,0.00000000,1.00000000]]","center_3d":"[3.01552499,-1.99214018,-0.47530383]","nearest_3d":"[0.68752861,-1.30319953,0.42608854]","type":"wall-back"},"3":{"unique_id":"139e3b59-3595-46a5-a63c-423bd299f5c6","ros_timestamp":"1685369537.344303102","T_map_cam":"[[-0.19353414,-0.95262611,-0.23462317,0.00771958],[-0.19631535,0.27191026,-0.94208550,0.69849513],[0.96125169,-0.13626558,-0.23963904,-0.96079246],[0.00000000,0.00000000,0.00000000,1.00000000]]","center_3d":"[3.08867370,0.16165409,0.07802608]","nearest_3d":"[0.51136428,-0.42866910,0.00414026]","type":"obstacle"}}