{"0":{"unique_id":"2a954afa-2941-499d-bdb8-ca91e190c4d8","ros_timestamp":"1685369538.25838398","T_map_cam":"[[-0.19623918,-0.95031712,-0.24163518,0.03360203],[-0.17930860,0.27704996,-0.94397656,0.65858661],[0.96402210,-0.14191792,-0.22476809,-0.97169074],[0.00000000,0.00000000,0.00000000,1.00000000]]","center_3d":"[2.84502341,-0.31889539,0.78052848]","nearest_3d":"[1.68648911,-0.32253075,-0.34625906]","type":"wall-left"},"1":{"unique_id":"af1e7b93-501d-4ea2-86cd-7780b65c8aaf","ros_timestamp":"1685369538.25838398","T_map_cam":"[[-0.19623918,-0.95031712,-0.24163518,0.03360203],[-0.17930860,0.27704996,-0.94397656,0.65858661],[0.96402210,-0.14191792,-0.22476809,-0.97169074],[0.00000000,0.00000000,0.00000000,1.00000000]]","center_3d":"[3.67234122,-0.91302778,1.61887572]","nearest_3d":"[1.67991459,-1.68249607,0.30877662]","type":"wall-front"},"2":{"unique_id":"c0ca7f74-629a-465c-9e77-caced94f7745","ros_timestamp":"1685369538.25838398","T_map_cam":"[[-0.19623918,-0.95031712,-0.24163518,0.03360203],[-0.17930860,0.27704996,-0.94397656,0.65858661],[0.96402210,-0.14191792,-0.22476809,-0.97169074],[0.00000000,0.00000000,0.00000000,1.00000000]]","center_3d":"[3.01552499,-1.99214018,-0.47530383]","nearest_3d":"[0.68752861,-1.30319953,0.42608854]","type":"wall-back"},"3":{"unique_id":"139e3b59-3595-46a5-a63c-423bd299f5c6","ros_timestamp":"1685369538.25838398","T_map_cam":"[[-0.19623918,-0.95031712,-0.24163518,0.03360203],[-0.17930860,0.27704996,-0.94397656,0.65858661],[0.96402210,-0.14191792,-0.22476809,-0.97169074],[0.00000000,0.00000000,0.00000000,1.00000000]]","center_3d":"[3.06413132,0.14989586,0.11581772]","nearest_3d":"[0.51136428,-0.42866910,0.00414026]","type":"obstacle"}}