{"0":{"unique_id":"2a954afa-2941-499d-bdb8-ca91e190c4d8","ros_timestamp":"1685369539.760420742","T_map_cam":"[[0.08751408,-0.98352980,-0.15814682,-0.60117906],[-0.09967154,0.14931405,-0.98375347,0.48663748],[0.99116440,0.10185502,-0.08496284,-1.06373987],[0.00000000,0.00000000,0.00000000,1.00000000]]","center_3d":"[2.84502341,-0.31889539,0.78052848]","nearest_3d":"[1.68648911,-0.32253075,-0.34625906]","type":"wall-left"},"1":{"unique_id":"af1e7b93-501d-4ea2-86cd-7780b65c8aaf","ros_timestamp":"1685369539.760420742","T_map_cam":"[[0.08751408,-0.98352980,-0.15814682,-0.60117906],[-0.09967154,0.14931405,-0.98375347,0.48663748],[0.99116440,0.10185502,-0.08496284,-1.06373987],[0.00000000,0.00000000,0.00000000,1.00000000]]","center_3d":"[3.67234122,-0.91302778,1.61887572]","nearest_3d":"[1.68886781,-1.67205119,0.18288460]","type":"wall-front"},"2":{"unique_id":"c0ca7f74-629a-465c-9e77-caced94f7745","ros_timestamp":"1685369539.760420742","T_map_cam":"[[0.08751408,-0.98352980,-0.15814682,-0.60117906],[-0.09967154,0.14931405,-0.98375347,0.48663748],[0.99116440,0.10185502,-0.08496284,-1.06373987],[0.00000000,0.00000000,0.00000000,1.00000000]]","center_3d":"[3.01552499,-1.99214018,-0.47530383]","nearest_3d":"[1.05609989,-1.42083955,0.31994063]","type":"wall-back"},"3":{"unique_id":"139e3b59-3595-46a5-a63c-423bd299f5c6","ros_timestamp":"1685369539.760420742","T_map_cam":"[[0.08751408,-0.98352980,-0.15814682,-0.60117906],[-0.09967154,0.14931405,-0.98375347,0.48663748],[0.99116440,0.10185502,-0.08496284,-1.06373987],[0.00000000,0.00000000,0.00000000,1.00000000]]","center_3d":"[3.03925004,0.11472918,0.18708038]","nearest_3d":"[1.30808735,-0.80900085,-0.23771346]","type":"obstacle"}}