{"0":{"unique_id":"54c5fa27-30fe-422d-81d8-8a9790122422","ros_timestamp":"1685369060.336523455","T_map_cam":"[[0.51523792,-0.85175630,-0.09508468,0.33481043],[0.21319237,0.23483255,-0.94836843,0.77343163],[0.83010776,0.46836405,0.30258258,0.47342883],[0.00000000,0.00000000,0.00000000,1.00000000]]","center_3d":"[2.87577092,-0.50328823,0.75679330]","nearest_3d":"[-0.37810111,-1.28787601,0.61502296]","type":"wall-front"},"1":{"unique_id":"c297137d-4f60-4304-8c4f-8b72a1d5840e","ros_timestamp":"1685369060.336523455","T_map_cam":"[[0.51523792,-0.85175630,-0.09508468,0.33481043],[0.21319237,0.23483255,-0.94836843,0.77343163],[0.83010776,0.46836405,0.30258258,0.47342883],[0.00000000,0.00000000,0.00000000,1.00000000]]","center_3d":"[1.76049133,1.70902056,1.14595076]","nearest_3d":"[-0.25112271,1.17919779,0.78924209]","type":"wall-back"},"2":{"unique_id":"ae67d6a9-4b99-4ebe-b495-f1b4853708e4","ros_timestamp":"1685369060.336523455","T_map_cam":"[[0.51523792,-0.85175630,-0.09508468,0.33481043],[0.21319237,0.23483255,-0.94836843,0.77343163],[0.83010776,0.46836405,0.30258258,0.47342883],[0.00000000,0.00000000,0.00000000,1.00000000]]","center_3d":"[2.75210038,-0.80112782,1.34355254]","nearest_3d":"[0.43615735,-0.30532441,-0.19821326]","type":"obstacle"}}