{"0":{"unique_id":"54c5fa27-30fe-422d-81d8-8a9790122422","ros_timestamp":"1685369061.98507655","T_map_cam":"[[0.52506584,-0.84521198,-0.09961212,0.30596157],[0.24641996,0.26301572,-0.93279147,0.81344042],[0.81460608,0.46523053,0.34637767,0.42453470],[0.00000000,0.00000000,0.00000000,1.00000000]]","center_3d":"[2.87577092,-0.50328823,0.75679330]","nearest_3d":"[-0.37810111,-1.28787601,0.61502296]","type":"wall-front"},"1":{"unique_id":"c297137d-4f60-4304-8c4f-8b72a1d5840e","ros_timestamp":"1685369061.98507655","T_map_cam":"[[0.52506584,-0.84521198,-0.09961212,0.30596157],[0.24641996,0.26301572,-0.93279147,0.81344042],[0.81460608,0.46523053,0.34637767,0.42453470],[0.00000000,0.00000000,0.00000000,1.00000000]]","center_3d":"[1.76049133,1.70902056,1.14595076]","nearest_3d":"[-0.25112271,1.17919779,0.78924209]","type":"wall-back"},"2":{"unique_id":"ae67d6a9-4b99-4ebe-b495-f1b4853708e4","ros_timestamp":"1685369061.98507655","T_map_cam":"[[0.52506584,-0.84521198,-0.09961212,0.30596157],[0.24641996,0.26301572,-0.93279147,0.81344042],[0.81460608,0.46523053,0.34637767,0.42453470],[0.00000000,0.00000000,0.00000000,1.00000000]]","center_3d":"[2.75132516,-0.80216251,1.36340106]","nearest_3d":"[0.43615735,-0.30532441,-0.19821326]","type":"obstacle"}}