{"0":{"unique_id":"54c5fa27-30fe-422d-81d8-8a9790122422","ros_timestamp":"1685369062.431445395","T_map_cam":"[[-0.01470785,-0.99882365,-0.04620609,-0.01656135],[-0.03528448,0.04670077,-0.99828555,0.22969242],[0.99926908,-0.01305228,-0.03592984,0.24847977],[0.00000000,0.00000000,0.00000000,1.00000000]]","center_3d":"[2.87577092,-0.50328823,0.75679330]","nearest_3d":"[-0.27850473,-1.28717422,0.52854848]","type":"wall-front"},"1":{"unique_id":"c297137d-4f60-4304-8c4f-8b72a1d5840e","ros_timestamp":"1685369062.431445395","T_map_cam":"[[-0.01470785,-0.99882365,-0.04620609,-0.01656135],[-0.03528448,0.04670077,-0.99828555,0.22969242],[0.99926908,-0.01305228,-0.03592984,0.24847977],[0.00000000,0.00000000,0.00000000,1.00000000]]","center_3d":"[1.76049133,1.70902056,1.14595076]","nearest_3d":"[-0.17779540,1.18980598,0.52194929]","type":"wall-back"},"2":{"unique_id":"ae67d6a9-4b99-4ebe-b495-f1b4853708e4","ros_timestamp":"1685369062.431445395","T_map_cam":"[[-0.01470785,-0.99882365,-0.04620609,-0.01656135],[-0.03528448,0.04670077,-0.99828555,0.22969242],[0.99926908,-0.01305228,-0.03592984,0.24847977],[0.00000000,0.00000000,0.00000000,1.00000000]]","center_3d":"[2.76061045,-0.80303950,1.39308467]","nearest_3d":"[0.46268776,-0.22088771,-0.19210230]","type":"obstacle"}}