{"0":{"unique_id":"54c5fa27-30fe-422d-81d8-8a9790122422","ros_timestamp":"1685369063.15999149","T_map_cam":"[[-0.01470785,-0.99882365,-0.04620609,-0.01656135],[-0.03528448,0.04670077,-0.99828555,0.22969242],[0.99926908,-0.01305228,-0.03592984,0.24847977],[0.00000000,0.00000000,0.00000000,1.00000000]]","center_3d":"[2.87577092,-0.50328823,0.75679330]","nearest_3d":"[-0.18801838,-1.28684115,0.39269021]","type":"wall-front"},"1":{"unique_id":"c297137d-4f60-4304-8c4f-8b72a1d5840e","ros_timestamp":"1685369063.15999149","T_map_cam":"[[-0.01470785,-0.99882365,-0.04620609,-0.01656135],[-0.03528448,0.04670077,-0.99828555,0.22969242],[0.99926908,-0.01305228,-0.03592984,0.24847977],[0.00000000,0.00000000,0.00000000,1.00000000]]","center_3d":"[1.76049133,1.70902056,1.14595076]","nearest_3d":"[-0.16262650,1.19992447,0.38456699]","type":"wall-back"},"2":{"unique_id":"ae67d6a9-4b99-4ebe-b495-f1b4853708e4","ros_timestamp":"1685369063.15999149","T_map_cam":"[[-0.01470785,-0.99882365,-0.04620609,-0.01656135],[-0.03528448,0.04670077,-0.99828555,0.22969242],[0.99926908,-0.01305228,-0.03592984,0.24847977],[0.00000000,0.00000000,0.00000000,1.00000000]]","center_3d":"[2.76672397,-0.80237922,1.41554970]","nearest_3d":"[0.46268776,-0.22088771,-0.19210230]","type":"obstacle"}}