{"0":{"unique_id":"54c5fa27-30fe-422d-81d8-8a9790122422","ros_timestamp":"1685369063.641119779","T_map_cam":"[[-0.03410935,-0.99742212,-0.06313219,-0.00389365],[0.02897613,0.06215543,-0.99764577,0.05220675],[0.99899797,-0.03585837,0.02678135,0.19856042],[0.00000000,0.00000000,0.00000000,1.00000000]]","center_3d":"[2.87577092,-0.50328823,0.75679330]","nearest_3d":"[-0.02842313,-1.28758216,0.13017356]","type":"wall-front"},"1":{"unique_id":"c297137d-4f60-4304-8c4f-8b72a1d5840e","ros_timestamp":"1685369063.641119779","T_map_cam":"[[-0.03410935,-0.99742212,-0.06313219,-0.00389365],[0.02897613,0.06215543,-0.99764577,0.05220675],[0.99899797,-0.03585837,0.02678135,0.19856042],[0.00000000,0.00000000,0.00000000,1.00000000]]","center_3d":"[1.76049133,1.70902056,1.14595076]","nearest_3d":"[-0.16262650,1.19992447,0.38456699]","type":"wall-back"},"2":{"unique_id":"ae67d6a9-4b99-4ebe-b495-f1b4853708e4","ros_timestamp":"1685369063.641119779","T_map_cam":"[[-0.03410935,-0.99742212,-0.06313219,-0.00389365],[0.02897613,0.06215543,-0.99764577,0.05220675],[0.99899797,-0.03585837,0.02678135,0.19856042],[0.00000000,0.00000000,0.00000000,1.00000000]]","center_3d":"[2.77668495,-0.80035967,1.44727825]","nearest_3d":"[0.46268776,-0.22088771,-0.19210230]","type":"obstacle"}}