{"0":{"unique_id":"54c5fa27-30fe-422d-81d8-8a9790122422","ros_timestamp":"1685369064.175783176","T_map_cam":"[[0.03647383,-0.99776623,-0.05596620,-0.00386022],[-0.00619581,0.05577661,-0.99842405,-0.00041049],[0.99931540,0.03676310,-0.00414759,0.21695109],[0.00000000,0.00000000,0.00000000,1.00000000]]","center_3d":"[2.87577092,-0.50328823,0.75679330]","nearest_3d":"[-0.02514187,-1.28898132,0.03482895]","type":"wall-front"},"1":{"unique_id":"c297137d-4f60-4304-8c4f-8b72a1d5840e","ros_timestamp":"1685369064.175783176","T_map_cam":"[[0.03647383,-0.99776623,-0.05596620,-0.00386022],[-0.00619581,0.05577661,-0.99842405,-0.00041049],[0.99931540,0.03676310,-0.00414759,0.21695109],[0.00000000,0.00000000,0.00000000,1.00000000]]","center_3d":"[1.76049133,1.70902056,1.14595076]","nearest_3d":"[-0.16262650,1.19992447,0.38456699]","type":"wall-back"},"2":{"unique_id":"ae67d6a9-4b99-4ebe-b495-f1b4853708e4","ros_timestamp":"1685369064.175783176","T_map_cam":"[[0.03647383,-0.99776623,-0.05596620,-0.00386022],[-0.00619581,0.05577661,-0.99842405,-0.00041049],[0.99931540,0.03676310,-0.00414759,0.21695109],[0.00000000,0.00000000,0.00000000,1.00000000]]","center_3d":"[2.78167642,-0.79871727,1.46312346]","nearest_3d":"[0.46268776,-0.22088771,-0.19210230]","type":"obstacle"}}