{"0":{"unique_id":"54c5fa27-30fe-422d-81d8-8a9790122422","ros_timestamp":"1685369064.851061451","T_map_cam":"[[0.05751179,-0.99786958,-0.03080080,0.01679419],[-0.00632683,0.03048695,-0.99951514,-0.02683126],[0.99832478,0.05767878,-0.00455999,0.20983880],[0.00000000,0.00000000,0.00000000,1.00000000]]","center_3d":"[2.87577092,-0.50328823,0.75679330]","nearest_3d":"[-0.06258368,-1.29447079,-0.02851689]","type":"wall-front"},"1":{"unique_id":"c297137d-4f60-4304-8c4f-8b72a1d5840e","ros_timestamp":"1685369064.851061451","T_map_cam":"[[0.05751179,-0.99786958,-0.03080080,0.01679419],[-0.00632683,0.03048695,-0.99951514,-0.02683126],[0.99832478,0.05767878,-0.00455999,0.20983880],[0.00000000,0.00000000,0.00000000,1.00000000]]","center_3d":"[1.76049133,1.70902056,1.14595076]","nearest_3d":"[-0.16262650,1.19992447,0.38456699]","type":"wall-back"},"2":{"unique_id":"ae67d6a9-4b99-4ebe-b495-f1b4853708e4","ros_timestamp":"1685369064.851061451","T_map_cam":"[[0.05751179,-0.99786958,-0.03080080,0.01679419],[-0.00632683,0.03048695,-0.99951514,-0.02683126],[0.99832478,0.05767878,-0.00455999,0.20983880],[0.00000000,0.00000000,0.00000000,1.00000000]]","center_3d":"[2.78320401,-0.79808036,1.46566016]","nearest_3d":"[0.46268776,-0.22088771,-0.19210230]","type":"obstacle"}}