{"0":{"unique_id":"54c5fa27-30fe-422d-81d8-8a9790122422","ros_timestamp":"1685369066.873253152","T_map_cam":"[[-0.09806911,-0.99435376,-0.04053462,0.00340350],[-0.01062356,0.04177466,-0.99907058,0.25491976],[0.99512290,-0.09754734,-0.01466038,0.34337584],[0.00000000,0.00000000,0.00000000,1.00000000]]","center_3d":"[2.87577092,-0.50328823,0.75679330]","nearest_3d":"[-0.18801838,-1.28684115,0.39269021]","type":"wall-front"},"1":{"unique_id":"c297137d-4f60-4304-8c4f-8b72a1d5840e","ros_timestamp":"1685369066.873253152","T_map_cam":"[[-0.09806911,-0.99435376,-0.04053462,0.00340350],[-0.01062356,0.04177466,-0.99907058,0.25491976],[0.99512290,-0.09754734,-0.01466038,0.34337584],[0.00000000,0.00000000,0.00000000,1.00000000]]","center_3d":"[1.76049133,1.70902056,1.14595076]","nearest_3d":"[-0.16262650,1.19992447,0.38456699]","type":"wall-back"},"2":{"unique_id":"ae67d6a9-4b99-4ebe-b495-f1b4853708e4","ros_timestamp":"1685369066.873253152","T_map_cam":"[[-0.09806911,-0.99435376,-0.04053462,0.00340350],[-0.01062356,0.04177466,-0.99907058,0.25491976],[0.99512290,-0.09754734,-0.01466038,0.34337584],[0.00000000,0.00000000,0.00000000,1.00000000]]","center_3d":"[2.78320401,-0.79808036,1.46566016]","nearest_3d":"[0.46268776,-0.22088771,-0.19210230]","type":"obstacle"}}