{"0":{"unique_id":"54c5fa27-30fe-422d-81d8-8a9790122422","ros_timestamp":"1685369067.670056124","T_map_cam":"[[-0.04785124,-0.99753133,-0.05139561,0.01112868],[-0.20342569,0.06010859,-0.97724354,0.36985481],[0.97792037,-0.03630712,-0.20579977,0.57712445],[0.00000000,0.00000000,0.00000000,1.00000000]]","center_3d":"[2.87577092,-0.50328823,0.75679330]","nearest_3d":"[-0.36006552,-1.29651594,0.50749731]","type":"wall-front"},"1":{"unique_id":"c297137d-4f60-4304-8c4f-8b72a1d5840e","ros_timestamp":"1685369067.670056124","T_map_cam":"[[-0.04785124,-0.99753133,-0.05139561,0.01112868],[-0.20342569,0.06010859,-0.97724354,0.36985481],[0.97792037,-0.03630712,-0.20579977,0.57712445],[0.00000000,0.00000000,0.00000000,1.00000000]]","center_3d":"[1.76049133,1.70902056,1.14595076]","nearest_3d":"[-0.17796159,1.18987870,0.49869871]","type":"wall-back"},"2":{"unique_id":"ae67d6a9-4b99-4ebe-b495-f1b4853708e4","ros_timestamp":"1685369067.670056124","T_map_cam":"[[-0.04785124,-0.99753133,-0.05139561,0.01112868],[-0.20342569,0.06010859,-0.97724354,0.36985481],[0.97792037,-0.03630712,-0.20579977,0.57712445],[0.00000000,0.00000000,0.00000000,1.00000000]]","center_3d":"[2.75704190,-0.76796630,1.49227735]","nearest_3d":"[0.39376366,-0.32602525,-0.10663139]","type":"obstacle"}}