{"0":{"unique_id":"54c5fa27-30fe-422d-81d8-8a9790122422","ros_timestamp":"1685369068.285622585","T_map_cam":"[[0.27081152,-0.96259885,-0.00803569,0.25047657],[-0.22764018,-0.05592754,-0.97213788,0.35205385],[0.93532939,0.26509539,-0.23427200,0.69335941],[0.00000000,0.00000000,0.00000000,1.00000000]]","center_3d":"[2.87577092,-0.50328823,0.75679330]","nearest_3d":"[-0.36006552,-1.29651594,0.50749731]","type":"wall-front"},"1":{"unique_id":"c297137d-4f60-4304-8c4f-8b72a1d5840e","ros_timestamp":"1685369068.285622585","T_map_cam":"[[0.27081152,-0.96259885,-0.00803569,0.25047657],[-0.22764018,-0.05592754,-0.97213788,0.35205385],[0.93532939,0.26509539,-0.23427200,0.69335941],[0.00000000,0.00000000,0.00000000,1.00000000]]","center_3d":"[1.76049133,1.70902056,1.14595076]","nearest_3d":"[-0.19053882,1.19063866,0.57345760]","type":"wall-back"},"2":{"unique_id":"ae67d6a9-4b99-4ebe-b495-f1b4853708e4","ros_timestamp":"1685369068.285622585","T_map_cam":"[[0.27081152,-0.96259885,-0.00803569,0.25047657],[-0.22764018,-0.05592754,-0.97213788,0.35205385],[0.93532939,0.26509539,-0.23427200,0.69335941],[0.00000000,0.00000000,0.00000000,1.00000000]]","center_3d":"[2.76794455,-0.76376365,1.48569021]","nearest_3d":"[0.39376366,-0.32602525,-0.10663139]","type":"obstacle"}}