{"0":{"unique_id":"54c5fa27-30fe-422d-81d8-8a9790122422","ros_timestamp":"1685369068.861120495","T_map_cam":"[[0.42446299,-0.90536230,0.01225850,0.44416815],[-0.14832131,-0.08288082,-0.98546007,0.40520069],[0.89321440,0.41647313,-0.16946437,0.74591234],[0.00000000,0.00000000,0.00000000,1.00000000]]","center_3d":"[2.87577092,-0.50328823,0.75679330]","nearest_3d":"[-0.36006552,-1.29651594,0.50749731]","type":"wall-front"},"1":{"unique_id":"c297137d-4f60-4304-8c4f-8b72a1d5840e","ros_timestamp":"1685369068.861120495","T_map_cam":"[[0.42446299,-0.90536230,0.01225850,0.44416815],[-0.14832131,-0.08288082,-0.98546007,0.40520069],[0.89321440,0.41647313,-0.16946437,0.74591234],[0.00000000,0.00000000,0.00000000,1.00000000]]","center_3d":"[1.76049133,1.70902056,1.14595076]","nearest_3d":"[-0.19053882,1.19063866,0.57345760]","type":"wall-back"},"2":{"unique_id":"ae67d6a9-4b99-4ebe-b495-f1b4853708e4","ros_timestamp":"1685369068.861120495","T_map_cam":"[[0.42446299,-0.90536230,0.01225850,0.44416815],[-0.14832131,-0.08288082,-0.98546007,0.40520069],[0.89321440,0.41647313,-0.16946437,0.74591234],[0.00000000,0.00000000,0.00000000,1.00000000]]","center_3d":"[2.77354090,-0.76197276,1.48429260]","nearest_3d":"[0.39376366,-0.32602525,-0.10663139]","type":"obstacle"}}