{"0":{"unique_id":"54c5fa27-30fe-422d-81d8-8a9790122422","ros_timestamp":"1685369069.325389884","T_map_cam":"[[0.46896590,-0.88129491,0.05822593,0.50464522],[0.04750149,-0.04066222,-0.99804318,0.64393746],[0.88193798,0.47081404,0.02279362,0.72939585],[0.00000000,0.00000000,0.00000000,1.00000000]]","center_3d":"[2.87577092,-0.50328823,0.75679330]","nearest_3d":"[-0.47399932,-1.31508875,0.74337292]","type":"wall-front"},"1":{"unique_id":"c297137d-4f60-4304-8c4f-8b72a1d5840e","ros_timestamp":"1685369069.325389884","T_map_cam":"[[0.46896590,-0.88129491,0.05822593,0.50464522],[0.04750149,-0.04066222,-0.99804318,0.64393746],[0.88193798,0.47081404,0.02279362,0.72939585],[0.00000000,0.00000000,0.00000000,1.00000000]]","center_3d":"[1.76049133,1.70902056,1.14595076]","nearest_3d":"[-0.22993915,1.19519436,0.76460624]","type":"wall-back"},"2":{"unique_id":"ae67d6a9-4b99-4ebe-b495-f1b4853708e4","ros_timestamp":"1685369069.325389884","T_map_cam":"[[0.46896590,-0.88129491,0.05822593,0.50464522],[0.04750149,-0.04066222,-0.99804318,0.64393746],[0.88193798,0.47081404,0.02279362,0.72939585],[0.00000000,0.00000000,0.00000000,1.00000000]]","center_3d":"[2.77711196,-0.76077442,1.48387090]","nearest_3d":"[0.39376366,-0.32602525,-0.10663139]","type":"obstacle"}}