{"0":{"unique_id":"54c5fa27-30fe-422d-81d8-8a9790122422","ros_timestamp":"1685369070.41291608","T_map_cam":"[[0.55658302,-0.83004473,0.03522905,0.59855062],[0.14708381,0.05671475,-0.98749673,0.76688512],[0.81766845,0.55480554,0.15365261,0.65490183],[0.00000000,0.00000000,0.00000000,1.00000000]]","center_3d":"[2.87577092,-0.50328823,0.75679330]","nearest_3d":"[-0.55319476,-1.31387448,0.91434461]","type":"wall-front"},"1":{"unique_id":"c297137d-4f60-4304-8c4f-8b72a1d5840e","ros_timestamp":"1685369070.41291608","T_map_cam":"[[0.55658302,-0.83004473,0.03522905,0.59855062],[0.14708381,0.05671475,-0.98749673,0.76688512],[0.81766845,0.55480554,0.15365261,0.65490183],[0.00000000,0.00000000,0.00000000,1.00000000]]","center_3d":"[1.76049133,1.70902056,1.14595076]","nearest_3d":"[-0.22993915,1.19519436,0.76460624]","type":"wall-back"},"2":{"unique_id":"ae67d6a9-4b99-4ebe-b495-f1b4853708e4","ros_timestamp":"1685369070.41291608","T_map_cam":"[[0.55658302,-0.83004473,0.03522905,0.59855062],[0.14708381,0.05671475,-0.98749673,0.76688512],[0.81766845,0.55480554,0.15365261,0.65490183],[0.00000000,0.00000000,0.00000000,1.00000000]]","center_3d":"[2.77782985,-0.76051447,1.48393150]","nearest_3d":"[0.39376366,-0.32602525,-0.10663139]","type":"obstacle"}}