{"0":{"unique_id":"54c5fa27-30fe-422d-81d8-8a9790122422","ros_timestamp":"1685369070.798187086","T_map_cam":"[[0.72619589,-0.67979292,0.10257252,0.65774839],[0.19167855,0.05692179,-0.97980572,0.83105347],[0.66022638,0.73119183,0.17163809,0.56792391],[0.00000000,0.00000000,0.00000000,1.00000000]]","center_3d":"[2.87577092,-0.50328823,0.75679330]","nearest_3d":"[-0.52909112,-1.31419659,0.89986110]","type":"wall-front"},"1":{"unique_id":"c297137d-4f60-4304-8c4f-8b72a1d5840e","ros_timestamp":"1685369070.798187086","T_map_cam":"[[0.72619589,-0.67979292,0.10257252,0.65774839],[0.19167855,0.05692179,-0.97980572,0.83105347],[0.66022638,0.73119183,0.17163809,0.56792391],[0.00000000,0.00000000,0.00000000,1.00000000]]","center_3d":"[1.76049133,1.70902056,1.14595076]","nearest_3d":"[-0.85636204,1.10200429,0.71336544]","type":"wall-back"},"2":{"unique_id":"ae67d6a9-4b99-4ebe-b495-f1b4853708e4","ros_timestamp":"1685369070.798187086","T_map_cam":"[[0.72619589,-0.67979292,0.10257252,0.65774839],[0.19167855,0.05692179,-0.97980572,0.83105347],[0.66022638,0.73119183,0.17163809,0.56792391],[0.00000000,0.00000000,0.00000000,1.00000000]]","center_3d":"[2.80569513,-0.73935068,1.34068401]","nearest_3d":"[0.34402490,-0.28780112,-0.05277310]","type":"obstacle"}}