{"0":{"unique_id":"54c5fa27-30fe-422d-81d8-8a9790122422","ros_timestamp":"1685369071.413127689","T_map_cam":"[[0.80990949,-0.55804762,0.18063632,0.60766442],[0.09946978,-0.17282924,-0.97991623,0.65517018],[0.57805916,0.81161130,-0.08446717,0.69336249],[0.00000000,0.00000000,0.00000000,1.00000000]]","center_3d":"[2.87577092,-0.50328823,0.75679330]","nearest_3d":"[-0.47537422,-1.31486237,0.72613841]","type":"wall-front"},"1":{"unique_id":"c297137d-4f60-4304-8c4f-8b72a1d5840e","ros_timestamp":"1685369071.413127689","T_map_cam":"[[0.80990949,-0.55804762,0.18063632,0.60766442],[0.09946978,-0.17282924,-0.97991623,0.65517018],[0.57805916,0.81161130,-0.08446717,0.69336249],[0.00000000,0.00000000,0.00000000,1.00000000]]","center_3d":"[1.76049133,1.70902056,1.14595076]","nearest_3d":"[-0.78929567,1.10575998,0.50086665]","type":"wall-back"},"2":{"unique_id":"ae67d6a9-4b99-4ebe-b495-f1b4853708e4","ros_timestamp":"1685369071.413127689","T_map_cam":"[[0.80990949,-0.55804762,0.18063632,0.60766442],[0.09946978,-0.17282924,-0.97991623,0.65517018],[0.57805916,0.81161130,-0.08446717,0.69336249],[0.00000000,0.00000000,0.00000000,1.00000000]]","center_3d":"[2.80644155,-0.73565973,1.33818288]","nearest_3d":"[0.15698618,-0.31010315,-0.10672368]","type":"obstacle"}}