{"0":{"unique_id":"54c5fa27-30fe-422d-81d8-8a9790122422","ros_timestamp":"1685369072.119507859","T_map_cam":"[[0.74337900,-0.65271463,0.14612074,0.57013085],[-0.06558691,-0.28853848,-0.95521930,0.44395453],[0.66564707,0.70050636,-0.25730298,0.78795742],[0.00000000,0.00000000,0.00000000,1.00000000]]","center_3d":"[2.87577092,-0.50328823,0.75679330]","nearest_3d":"[-0.47537422,-1.31486237,0.72613841]","type":"wall-front"},"1":{"unique_id":"c297137d-4f60-4304-8c4f-8b72a1d5840e","ros_timestamp":"1685369072.119507859","T_map_cam":"[[0.74337900,-0.65271463,0.14612074,0.57013085],[-0.06558691,-0.28853848,-0.95521930,0.44395453],[0.66564707,0.70050636,-0.25730298,0.78795742],[0.00000000,0.00000000,0.00000000,1.00000000]]","center_3d":"[1.76049133,1.70902056,1.14595076]","nearest_3d":"[-0.78929567,1.10575998,0.50086665]","type":"wall-back"},"2":{"unique_id":"ae67d6a9-4b99-4ebe-b495-f1b4853708e4","ros_timestamp":"1685369072.119507859","T_map_cam":"[[0.74337900,-0.65271463,0.14612074,0.57013085],[-0.06558691,-0.28853848,-0.95521930,0.44395453],[0.66564707,0.70050636,-0.25730298,0.78795742],[0.00000000,0.00000000,0.00000000,1.00000000]]","center_3d":"[2.80344632,-0.73312686,1.33477092]","nearest_3d":"[0.08177415,-0.30974108,0.01675815]","type":"obstacle"}}