{"0":{"unique_id":"54c5fa27-30fe-422d-81d8-8a9790122422","ros_timestamp":"1685369072.664115706","T_map_cam":"[[0.51241651,-0.85630874,0.06453422,0.54071829],[-0.06384815,-0.11293320,-0.99154904,0.53750408],[0.85636017,0.50396571,-0.11254256,0.73175688],[0.00000000,0.00000000,0.00000000,1.00000000]]","center_3d":"[2.87577092,-0.50328823,0.75679330]","nearest_3d":"[-0.41526932,-1.29616463,0.70709634]","type":"wall-front"},"1":{"unique_id":"c297137d-4f60-4304-8c4f-8b72a1d5840e","ros_timestamp":"1685369072.664115706","T_map_cam":"[[0.51241651,-0.85630874,0.06453422,0.54071829],[-0.06384815,-0.11293320,-0.99154904,0.53750408],[0.85636017,0.50396571,-0.11254256,0.73175688],[0.00000000,0.00000000,0.00000000,1.00000000]]","center_3d":"[1.76049133,1.70902056,1.14595076]","nearest_3d":"[-0.85636204,1.10200429,0.71336544]","type":"wall-back"},"2":{"unique_id":"ae67d6a9-4b99-4ebe-b495-f1b4853708e4","ros_timestamp":"1685369072.664115706","T_map_cam":"[[0.51241651,-0.85630874,0.06453422,0.54071829],[-0.06384815,-0.11293320,-0.99154904,0.53750408],[0.85636017,0.50396571,-0.11254256,0.73175688],[0.00000000,0.00000000,0.00000000,1.00000000]]","center_3d":"[2.80268043,-0.73239340,1.33375660]","nearest_3d":"[0.08177415,-0.30974108,0.01675815]","type":"obstacle"}}