{"0":{"unique_id":"54c5fa27-30fe-422d-81d8-8a9790122422","ros_timestamp":"1685369073.290923311","T_map_cam":"[[0.37529311,-0.92690585,-0.00078940,0.53197511],[0.09185730,0.03803935,-0.99504535,0.69083592],[0.92234338,0.37336115,0.09941897,0.51026042],[0.00000000,0.00000000,0.00000000,1.00000000]]","center_3d":"[2.87577092,-0.50328823,0.75679330]","nearest_3d":"[-0.41526932,-1.29616463,0.70709634]","type":"wall-front"},"1":{"unique_id":"c297137d-4f60-4304-8c4f-8b72a1d5840e","ros_timestamp":"1685369073.290923311","T_map_cam":"[[0.37529311,-0.92690585,-0.00078940,0.53197511],[0.09185730,0.03803935,-0.99504535,0.69083592],[0.92234338,0.37336115,0.09941897,0.51026042],[0.00000000,0.00000000,0.00000000,1.00000000]]","center_3d":"[1.76049133,1.70902056,1.14595076]","nearest_3d":"[-0.85636204,1.10200429,0.71336544]","type":"wall-back"},"2":{"unique_id":"ae67d6a9-4b99-4ebe-b495-f1b4853708e4","ros_timestamp":"1685369073.290923311","T_map_cam":"[[0.37529311,-0.92690585,-0.00078940,0.53197511],[0.09185730,0.03803935,-0.99504535,0.69083592],[0.92234338,0.37336115,0.09941897,0.51026042],[0.00000000,0.00000000,0.00000000,1.00000000]]","center_3d":"[2.80108675,-0.73188980,1.33233413]","nearest_3d":"[0.08177415,-0.30974108,0.01675815]","type":"obstacle"}}