{"0":{"unique_id":"54c5fa27-30fe-422d-81d8-8a9790122422","ros_timestamp":"1685369073.855382201","T_map_cam":"[[0.16632035,-0.98441013,-0.05722103,0.37829037],[0.15483193,0.08338089,-0.98441592,0.76022789],[0.97384014,0.15486876,0.16628605,0.41247911],[0.00000000,0.00000000,0.00000000,1.00000000]]","center_3d":"[2.87577092,-0.50328823,0.75679330]","nearest_3d":"[-0.41526932,-1.29616463,0.70709634]","type":"wall-front"},"1":{"unique_id":"c297137d-4f60-4304-8c4f-8b72a1d5840e","ros_timestamp":"1685369073.855382201","T_map_cam":"[[0.16632035,-0.98441013,-0.05722103,0.37829037],[0.15483193,0.08338089,-0.98441592,0.76022789],[0.97384014,0.15486876,0.16628605,0.41247911],[0.00000000,0.00000000,0.00000000,1.00000000]]","center_3d":"[1.76049133,1.70902056,1.14595076]","nearest_3d":"[-0.85636204,1.10200429,0.71336544]","type":"wall-back"},"2":{"unique_id":"ae67d6a9-4b99-4ebe-b495-f1b4853708e4","ros_timestamp":"1685369073.855382201","T_map_cam":"[[0.16632035,-0.98441013,-0.05722103,0.37829037],[0.15483193,0.08338089,-0.98441592,0.76022789],[0.97384014,0.15486876,0.16628605,0.41247911],[0.00000000,0.00000000,0.00000000,1.00000000]]","center_3d":"[2.80108675,-0.73188980,1.33233413]","nearest_3d":"[0.08177415,-0.30974108,0.01675815]","type":"obstacle"}}