{"0":{"unique_id":"54c5fa27-30fe-422d-81d8-8a9790122422","ros_timestamp":"1685369074.633983110","T_map_cam":"[[-0.08591696,-0.98694879,-0.13619973,0.40149700],[0.15822612,0.12145358,-0.97990485,0.75679171],[0.98365785,-0.10574080,0.14572615,0.41757965],[0.00000000,0.00000000,0.00000000,1.00000000]]","center_3d":"[2.87577092,-0.50328823,0.75679330]","nearest_3d":"[-0.25947279,-1.28318918,0.65893537]","type":"wall-front"},"1":{"unique_id":"c297137d-4f60-4304-8c4f-8b72a1d5840e","ros_timestamp":"1685369074.633983110","T_map_cam":"[[-0.08591696,-0.98694879,-0.13619973,0.40149700],[0.15822612,0.12145358,-0.97990485,0.75679171],[0.98365785,-0.10574080,0.14572615,0.41757965],[0.00000000,0.00000000,0.00000000,1.00000000]]","center_3d":"[1.76049133,1.70902056,1.14595076]","nearest_3d":"[-0.56169444,1.06444156,0.65807575]","type":"wall-back"},"2":{"unique_id":"ae67d6a9-4b99-4ebe-b495-f1b4853708e4","ros_timestamp":"1685369074.633983110","T_map_cam":"[[-0.08591696,-0.98694879,-0.13619973,0.40149700],[0.15822612,0.12145358,-0.97990485,0.75679171],[0.98365785,-0.10574080,0.14572615,0.41757965],[0.00000000,0.00000000,0.00000000,1.00000000]]","center_3d":"[2.84174796,-0.71962194,1.34411121]","nearest_3d":"[0.08177412,-0.30974114,0.01675800]","type":"obstacle"}}