{"0":{"unique_id":"54c5fa27-30fe-422d-81d8-8a9790122422","ros_timestamp":"1685369075.208683070","T_map_cam":"[[-0.27062808,-0.94444246,-0.18651780,0.43996464],[0.09281660,0.16724704,-0.98153630,0.69105117],[0.95819910,-0.28294323,0.04239819,0.49870676],[0.00000000,0.00000000,0.00000000,1.00000000]]","center_3d":"[2.87577092,-0.50328823,0.75679330]","nearest_3d":"[-0.25947279,-1.28318918,0.65893537]","type":"wall-front"},"1":{"unique_id":"c297137d-4f60-4304-8c4f-8b72a1d5840e","ros_timestamp":"1685369075.208683070","T_map_cam":"[[-0.27062808,-0.94444246,-0.18651780,0.43996464],[0.09281660,0.16724704,-0.98153630,0.69105117],[0.95819910,-0.28294323,0.04239819,0.49870676],[0.00000000,0.00000000,0.00000000,1.00000000]]","center_3d":"[1.76049133,1.70902056,1.14595076]","nearest_3d":"[-0.56169444,1.06444156,0.65807575]","type":"wall-back"},"2":{"unique_id":"ae67d6a9-4b99-4ebe-b495-f1b4853708e4","ros_timestamp":"1685369075.208683070","T_map_cam":"[[-0.27062808,-0.94444246,-0.18651780,0.43996464],[0.09281660,0.16724704,-0.98153630,0.69105117],[0.95819910,-0.28294323,0.04239819,0.49870676],[0.00000000,0.00000000,0.00000000,1.00000000]]","center_3d":"[2.84805854,-0.71331056,1.33994698]","nearest_3d":"[0.08177412,-0.30974114,0.01675800]","type":"obstacle"}}