{"0":{"unique_id":"54c5fa27-30fe-422d-81d8-8a9790122422","ros_timestamp":"1685369075.784355028","T_map_cam":"[[-0.31617276,-0.92959544,-0.18943890,0.43362486],[-0.00730527,0.20206195,-0.97934550,0.60225862],[0.94867351,-0.30825847,-0.07067743,0.48653668],[0.00000000,0.00000000,0.00000000,1.00000000]]","center_3d":"[2.87577092,-0.50328823,0.75679330]","nearest_3d":"[-0.25947279,-1.28318918,0.65893537]","type":"wall-front"},"1":{"unique_id":"c297137d-4f60-4304-8c4f-8b72a1d5840e","ros_timestamp":"1685369075.784355028","T_map_cam":"[[-0.31617276,-0.92959544,-0.18943890,0.43362486],[-0.00730527,0.20206195,-0.97934550,0.60225862],[0.94867351,-0.30825847,-0.07067743,0.48653668],[0.00000000,0.00000000,0.00000000,1.00000000]]","center_3d":"[1.76049133,1.70902056,1.14595076]","nearest_3d":"[-0.34866273,1.08154953,0.78744161]","type":"wall-back"},"2":{"unique_id":"ae67d6a9-4b99-4ebe-b495-f1b4853708e4","ros_timestamp":"1685369075.784355028","T_map_cam":"[[-0.31617276,-0.92959544,-0.18943890,0.43362486],[-0.00730527,0.20206195,-0.97934550,0.60225862],[0.94867351,-0.30825847,-0.07067743,0.48653668],[0.00000000,0.00000000,0.00000000,1.00000000]]","center_3d":"[2.85273929,-0.70673115,1.33712703]","nearest_3d":"[0.08177412,-0.30974114,0.01675800]","type":"obstacle"}}