{"0":{"unique_id":"54c5fa27-30fe-422d-81d8-8a9790122422","ros_timestamp":"1685369077.167355077","T_map_cam":"[[-0.71087120,-0.64600027,-0.27811111,0.42337178],[-0.00214911,0.39741818,-0.91763510,0.55176448],[0.70331893,-0.65172267,-0.28390146,0.45488835],[0.00000000,0.00000000,0.00000000,1.00000000]]","center_3d":"[2.87577092,-0.50328823,0.75679330]","nearest_3d":"[0.58700442,-1.13367248,0.76453590]","type":"wall-front"},"1":{"unique_id":"c297137d-4f60-4304-8c4f-8b72a1d5840e","ros_timestamp":"1685369077.167355077","T_map_cam":"[[-0.71087120,-0.64600027,-0.27811111,0.42337178],[-0.00214911,0.39741818,-0.91763510,0.55176448],[0.70331893,-0.65172267,-0.28390146,0.45488835],[0.00000000,0.00000000,0.00000000,1.00000000]]","center_3d":"[1.76049133,1.70902056,1.14595076]","nearest_3d":"[-0.15847792,1.10928309,0.79881030]","type":"wall-back"},"2":{"unique_id":"ae67d6a9-4b99-4ebe-b495-f1b4853708e4","ros_timestamp":"1685369077.167355077","T_map_cam":"[[-0.71087120,-0.64600027,-0.27811111,0.42337178],[-0.00214911,0.39741818,-0.91763510,0.55176448],[0.70331893,-0.65172267,-0.28390146,0.45488835],[0.00000000,0.00000000,0.00000000,1.00000000]]","center_3d":"[2.81346018,-0.70274939,1.29861758]","nearest_3d":"[0.08177412,-0.30974114,0.01675800]","type":"obstacle"}}